_viz_0 = nengo_gui.components.SpaSimilarity(model.assoc_mem,target='default')
_viz_config[_viz_0].max_value = 1.5
_viz_config[_viz_0].min_value = -1.5
_viz_config[_viz_0].show_pairs = False
_viz_config[_viz_0].x = 0.7693979469157501
_viz_config[_viz_0].y = 0.6913941057950662
_viz_config[_viz_0].width = 0.10151393276576795
_viz_config[_viz_0].height = 0.1952802268272992
_viz_config[_viz_0].label_visible = True
_viz_ace_editor = nengo_gui.components.NoEditor()
_viz_net_graph = nengo_gui.components.NetGraph()
_viz_sim_control = nengo_gui.components.SimControl()
_viz_config[_viz_sim_control].shown_time = 0.5
_viz_config[_viz_sim_control].kept_time = 4.0
_viz_config[model].pos=(-0.1904809334750834, 0.0033503321741529327)
_viz_config[model].size=(0.9734124884254242, 0.9734124884254242)
_viz_config[model].expanded=True
_viz_config[model].has_layout=True
_viz_config[model.am_input].pos=(0.20997872930731531, 0.4400826446280986)
_viz_config[model.am_input].size=(0.11671136594839553, 0.25330578512396645)
_viz_config[model.am_input].expanded=True
_viz_config[model.am_input].has_layout=True
_viz_config[model.am_input.nodes[0]].pos=(0.5, 0.5)
_viz_config[model.am_input.nodes[0]].size=(0.3076923076923077, 0.2222222222222222)
_viz_config[model.assoc_mem].pos=(0.792304884984405, 0.34137967248269263)
_viz_config[model.assoc_mem].size=(0.3452738971841395, 0.20991735537190098)
_viz_config[model.assoc_mem].expanded=True
_viz_config[model.assoc_mem].has_layout=True
_viz_config[model.assoc_mem.am].pos=(0.5, 0.5)
_viz_config[model.assoc_mem.am].size=(0.4, 0.4)
_viz_config[model.assoc_mem.am].expanded=True
_viz_config[model.assoc_mem.am].has_layout=True
_viz_config[model.assoc_mem.am.am_ensembles[0]].pos=(0.49999999999999994, 0.16605166051660517)
_viz_config[model.assoc_mem.am.am_ensembles[0]].size=(0.05747126436781609, 0.036900369003690044)
_viz_config[model.assoc_mem.am.am_ensembles[1]].pos=(0.49999999999999994, 0.3874538745387454)
_viz_config[model.assoc_mem.am.am_ensembles[1]].size=(0.05747126436781609, 0.036900369003690044)
_viz_config[model.assoc_mem.am.am_ensembles[2]].pos=(0.49999999999999994, 0.7047970479704799)
_viz_config[model.assoc_mem.am.am_ensembles[2]].size=(0.05747126436781609, 0.036900369003690044)
_viz_config[model.assoc_mem.am.am_ensembles[3]].pos=(0.49999999999999994, 0.92619926199262)
_viz_config[model.assoc_mem.am.am_ensembles[3]].size=(0.05747126436781609, 0.036900369003690044)
_viz_config[model.assoc_mem.am.bias_node].pos=(0.16910470451545795, 0.6569053281779436)
_viz_config[model.assoc_mem.am.bias_node].size=(0.04597701149425287, 0.16329472869700826)
_viz_config[model.assoc_mem.am.elem_input].pos=(0.28160919540229884, 0.2730627306273063)
_viz_config[model.assoc_mem.am.elem_input].size=(0.04597701149425287, 0.029520295202952032)
_viz_config[model.assoc_mem.input].pos=(0.07471264367816091, 0.06642066420664207)
_viz_config[model.assoc_mem.input].size=(0.04597701149425287, 0.029520295202952032)
_viz_config[model.assoc_mem.output].pos=(0.9252873563218391, 0.3911439114391144)
_viz_config[model.assoc_mem.output].size=(0.04597701149425287, 0.029520295202952032)
_viz_config[model.assoc_mem.utilities].pos=(0.7183908045977011, 0.3911439114391144)
_viz_config[model.assoc_mem.utilities].size=(0.04597701149425287, 0.029520295202952032)
_viz_config[state].expanded=False
_viz_config[state].has_layout=False