_viz_0 = nengo_gui.components.Slider(reset)
_viz_config[_viz_0].max_value = 1
_viz_config[_viz_0].min_value = -1
_viz_config[_viz_0].x = 0.11507465944982966
_viz_config[_viz_0].y = 0.8691887273975492
_viz_config[_viz_0].width = 0.0508646998982706
_viz_config[_viz_0].height = 0.19569471624266144
_viz_config[_viz_0].label_visible = True
_viz_1 = nengo_gui.components.Value(state.output)
_viz_config[_viz_1].max_value = 1
_viz_config[_viz_1].min_value = -1
_viz_config[_viz_1].show_legend = False
_viz_config[_viz_1].legend_labels = ['label_0', 'label_1', 'label_2']
_viz_config[_viz_1].synapse = 0.01
_viz_config[_viz_1].x = 1.1386963390107727
_viz_config[_viz_1].y = 0.7632856872323082
_viz_config[_viz_1].width = 0.3917790055484799
_viz_config[_viz_1].height = 0.46515605507340135
_viz_config[_viz_1].label_visible = True
_viz_2 = nengo_gui.components.Slider(inp)
_viz_config[_viz_2].max_value = 1
_viz_config[_viz_2].min_value = -1
_viz_config[_viz_2].x = 0.09925242864538719
_viz_config[_viz_2].y = 0.2515687467391846
_viz_config[_viz_2].width = 0.0508646998982706
_viz_config[_viz_2].height = 0.19569471624266144
_viz_config[_viz_2].label_visible = True
_viz_ace_editor = nengo_gui.components.NoEditor()
_viz_net_graph = nengo_gui.components.NetGraph()
_viz_sim_control = nengo_gui.components.SimControl()
_viz_config[_viz_sim_control].shown_time = 0.5
_viz_config[_viz_sim_control].kept_time = 4.0
_viz_config[inp].pos=(0.1589675863259569, 0.5236603917019076)
_viz_config[inp].size=(0.1, 0.1)
_viz_config[model].pos=(0.25568634158330283, 0.2601461222527765)
_viz_config[model].size=(0.5290517096769953, 0.5290517096769953)
_viz_config[model].expanded=True
_viz_config[model].has_layout=True
_viz_config[reset].pos=(0.3070989876751307, 0.8576763519537578)
_viz_config[reset].size=(0.1, 0.1)
_viz_config[state].pos=(0.43489318413021183, 0.38739669421487555)
_viz_config[state].size=(0.10803662258392667, 0.21921487603305737)
_viz_config[state].expanded=True
_viz_config[state].has_layout=True
_viz_config[state.ea_ensembles[0]].pos=(0.49999999999999994, 0.125)
_viz_config[state.ea_ensembles[0]].size=(0.09803921568627451, 0.0625)
_viz_config[state.ea_ensembles[1]].pos=(0.49999999999999994, 0.5)
_viz_config[state.ea_ensembles[1]].size=(0.09803921568627451, 0.0625)
_viz_config[state.ea_ensembles[2]].pos=(0.49999999999999994, 0.875)
_viz_config[state.ea_ensembles[2]].size=(0.09803921568627451, 0.0625)
_viz_config[state.input].pos=(0.12745098039215685, 0.5)
_viz_config[state.input].size=(0.07843137254901959, 0.05)
_viz_config[state.output].pos=(0.872549019607843, 0.5)
_viz_config[state.output].size=(0.07843137254901959, 0.05)